
-------------------------------------------------------------------------------------
------------------------ PU: ADD NAS TABLA DO FLUXO COMERCIAL -----------------------
-------------------------------------------------------------------------------------

-- Doc Base: https://docs.google.com/presentation/d/1IBaPNaju2oAOmil_7qlePDtZcaGiIvTRouDh_S8Dsqg/edit#slide=id.gc8a1f1629c_0_0


------------------ LISTA DE SELLERS OK PEDIDO DO COMERCIAL ------------------

create multiset volatile table sellers_entran_x_pedido_comercial, no log as 
  (
  select
    cus_cust_id cust_id,
    sit_site_id_cus site_id
  from WHOWNER.LK_CUS_CUSTOMERS_DATA
  where cus_cust_id in
    (
204808902,	73726157,	165614678,	62059949,	57995397,	694785153,	10179373,	348588982,
578883006,	76337618,	165635419,	62694094,	286936856,	338298892,	11909770,	349888465,
420033894,	376942399,	166125598,	62786496,	162321615,	173063257,	24227253,	350440889,
420033894,	57126640,	166552242,	63225718,	234546372,	433594082,	26641176,	351800427,
582484584,	15522222,	167257206,	63623784,	194388167,	486750693,	38915542,	351925722,
578883006,	243872333,	167875040,	63865201,	340578633,	331251133,	45497959,	351995597,
600275643,	273505070,	167951507,	65822382,	393019318,	412008939,	65975993,	352143724,
605708268,	17622353,	168673616,	66533039,	261507071,	447822366,	68421831,	352170854,
420033894,	134962381,	169752209,	66933450,	252932888,	239618218,	78424437,	353154965,
420033894,	577159398,	169840343,	67161431,	345472776,	581448756,	83720050,	353481463,
484695687,	204126500,	171131030,	67349442,	189695016,	155425567,	85495454,	353610795,
673324034,	128396856,	172137097,	67349442,	429299077,	93135660,	96509290,	353701048,
673324034,	228424717,	172487923,	67415214,	273864798,	143222059,	117202875,	354007543,
673324034,	229969557,	175288824,	67651039,	541143304,	442421077,	123917496,	354333259,
673324034,	290390944,	175940667,	67866740,	280912130,	255708997,	128040401,	354547311,
673324034,	397390380,	176004364,	68041055,	513748902,	714533249,	131355961,	355794373,
420033894,	608854276,	178033381,	68289763,	195352434,	46071824,	140525487,	355831181,
550072427,	176568017,	180838809,	68361120,	459387895,	235038234,	141553848,	355904208,
550072427,	413417129,	181791642,	68657233,	309657858,	472158417,	145027938,	355930683,
550072427,	284558883,	185766037,	68863268,	459376955,	670174328,	146631717,	356141074,
550072427,	206293941,	189965157,	68958050,	160716951,	163972310,	147250477,	356393866,
550072427,	114040563,	199327023,	69125050,	128577788,	659450824,	152861242,	357474889,
550072427,	380288606,	202464105,	69125050,	127706065,	277842919,	153433991,	358180856,
550072427,	327571036,	204228988,	70137563,	229557596,	285668612,	162969340,	358625041,
550072427,	5905826,	206136776,	70174533,	175840657,	484436004,	169222394,	358944877,
550072427,	170109726,	209477547,	70460235,	139448607,	759339692,	174021752,	359787779,
550072427,	465586612,	210452561,	71177137,	7030294,	688564396,	179168387,	360136767,
383120724,	564835319,	212247793,	71470027,	113746522,	707753757,	187881776,	360441635,
383120724,	279809048,	215982452,	72012102,	49117916,	128717997,	188912756,	362444609,
578883006,	86797830,	217986623,	72100937,	168276286,	20463999,	191474694,	366862654,
578883006,	470094351,	219912860,	72213995,	307463272,	126468711,	191718562,	367856226,
236292130,	284468341,	221439561,	72285982,	91053721,	463522836,	193303014,	367865349,
550063615,	441080241,	225102931,	72419641,	70127535,	259704724,	194897284,	368734327,
301258112,	461108801,	225306136,	72626824,	191425431,	527860107,	197689847,	369522446,
404495030,	60742523,	229415969,	72822919,	110658350,	571717713,	206335607,	373120358,
550063615,	90426166,	230315049,	73444124,	40521214,	180410467,	208784447,	373120358,
550063615,	174238690,	232907199,	73551186,	10477825,	306613246,	210224703,	374927513,
550063615,	445633138,	240084805,	73551186,	186616505,	168496453,	223285229,	375992529,
550063615,	640127103,	244537472,	74117548,	212656835,	627630764,	226075799,	376945757,
550063615,	144385052,	245081040,	74806107,	20451333,	657293941,	229808536,	377420153,
399613545,	226294157,	245125447,	74873405,	45541282,	222533718,	230680599,	377566683,
181747653,	376008957,	245521425,	75356745,	46772732,	225099676,	239759954,	377903096,
433323657,	246616027,	245906002,	75356745,	13647702,	18774173,	240777620,	379017045,
301258112,	333556929,	248840059,	75548526,	83417473,	589284659,	243753610,	379047495,
252227874,	214909338,	250518151,	75603735,	184198511,	81283822,	245473563,	379525260,
550063615,	327370823,	250924041,	75942826,	417972986,	547054573,	248979588,	379651601,
550063615,	125826933,	251433165,	76120577,	265484143,	474547267,	251156231,	379977058,
550063615,	265918397,	254361198,	76227922,	106311635,	303933081,	251563674,	384633974,
550063615,	517425363,	254984124,	77020095,	81195701,	482300641,	259528381,	385018281,
550063615,	230427771,	264183386,	77020095,	139386086,	116155669,	263374221,	385018281,
445649004,	399559456,	264457009,	77412068,	145144901,	432570267,	264249895,	385434937,
226369160,	304662474,	264736486,	77519384,	167753621,	20703080,	264862145,	385471190,
226369160,	258446041,	266409235,	77532804,	120686101,	541557407,	266652995,	386500852,
226369160,	153636002,	269316659,	77679900,	147586314,	337704949,	268057679,	386934985,
226369160,	317644016,	271536585,	77899891,	134232558,	519226419,	271395837,	387471094,
226369160,	396721037,	271999542,	78115744,	26448669,	250004177,	271411745,	387806634,
280236845,	181732545,	273151708,	79721969,	113370972,	648079354,	272093102,	388456359,
280236845,	460345054,	274083841,	80443243,	340819915,	567850945,	273507760,	389711056,
445649004,	209750656,	278650489,	80505015,	205076801,	40253513,	274608211,	390029701,
445649004,	204666261,	278728875,	80673389,	46392985,	95413620,	277501580,	391319220,
445649004,	259894389,	281996077,	81110148,	716559,	257072993,	281270231,	391632091,
445649004,	489152892,	287181690,	81110148,	76762412,	375320366,	288005043,	391931917,
445649004,	556170413,	289359457,	81312278,	132453365,	219334307,	293749743,	392427196,
445649004,	565031374,	291105318,	81457545,	165962418,	513761799,	294243790,	392985709,
280236845,	556170413,	292608906,	81608550,	133668670,	649170789,	300499138,	393033406,
226369160,	267814026,	294164178,	81638092,	14500081,	425419844,	302597802,	393033406,
280236845,	195823833,	296167982,	81671805,	128907756,	257800600,	305204481,	394062031,
445649004,	246995606,	296926154,	82195048,	31544243,	228145111,	306239745,	394874356,
285876982,	256781857,	303850624,	82742211,	29373140,	472457098,	309461461,	395170954,
404495030,	267946954,	304497262,	82764225,	54898332,	426955246,	311673272,	395221309,
177969871,	339936758,	304959699,	84129004,	15325211,	427454080,	312634328,	395770420,
625506390,	582704507,	305396351,	84129004,	132031526,	765997727,	313141105,	397511841,
236292130,	354284308,	307879167,	84288564,	325289666,	269167870,	313575722,	397531057,
325982945,	179997153,	309215431,	84727424,	176650757,	731051849,	316379543,	397588206,
325982945,	348581729,	316606226,	85053502,	429531518,	714281866,	317497852,	397906247,
404495030,	522515699,	318549638,	85263796,	208892664,	743518733,	319102398,	398656804,
625506390,	354114769,	326473727,	85824647,	140063068,	433715058,	320988982,	399147888,
325982945,	71834773,	330915463,	86245410,	1715728,	323697852,	326446206,	400789873,
235754877,	446372518,	331353243,	86716139,	30053179,	429873608,	329880126,	400789873,
170936990,	463233548,	335916362,	87352964,	152667538,	528518085,	330123009,	401492168,
494183906,	351265049,	336863111,	87352964,	70523468,	137458107,	347934928,	402293156,
494183906,	620798497,	339222982,	89838417,	295567025,	305312765,	351008577,	402600853,
494183906,	386319802,	344097421,	89872163,	26142695,	299157957,	353500510,	403197220,
494183906,	407872434,	344880639,	90023772,	243229286,	429989024,	359138600,	404142942,
550063615,	652705235,	345281011,	90172898,	90394911,	453531051,	375783800,	404152199,
260740392,	273533380,	345478887,	90681237,	99356770,	392492940,	377871101,	404466102,
287701675,	624395644,	354631955,	90723667,	178957816,	64430539,	379361181,	404852660,
389723320,	668370625,	356338059,	91743930,	172177242,	159936612,	380223727,	405759750,
534716163,	471608324,	360215743,	92000907,	202797588,	210039898,	392466008,	405782978,
553753566,	745876194,	367955831,	92156216,	145263251,	211136235,	404584692,	406280354,
411888202,	650096580,	375049483,	92601971,	44777951,	444201721,	413702471,	407185840,
411888202,	650004892,	376680544,	92791174,	121000172,	642098092,	414019205,	407185840,
411888202,	358018349,	390339617,	93042542,	49355841,	138235844,	437447173,	407200030,
481203468,	268397030,	391644819,	93042542,	173271614,	709347093,	442308325,	409783489,
481203468,	259877908,	403925851,	93263311,	60398879,	444204714,	443677990,	410546220,
481203468,	338895916,	409827457,	93737452,	528984664,	229779392,	448539688,	410611984,
653316721,	411651754,	413793998,	94102950,	132647768,	438027605,	454658937,	411081966,
526330532,	180134772,	418406839,	94102950,	159243673,	187308878,	463342679,	411886945,
285876982,	425767828,	419156489,	94572434,	39026247,	311078705,	468821515,	412008939,
550070308,	649720163,	420711769,	94822497,	91948932,	327947804,	472863564,	412052666,
550070308,	358087146,	436275769,	94855237,	139056952,	384367575,	474181110,	413006426,
550070308,	185002096,	436483367,	95498872,	165886447,	70123968,	476791022,	413152445,
550070308,	574343746,	439776809,	95574988,	95680100,	207740981,	478100715,	413571336,
195547158,	306883087,	440267749,	95929512,	36831755,	428171344,	479396813,	413633936,
188832674,	567672809,	445141756,	97254353,	161433713,	472099728,	487565846,	413633936,
192447547,	288812912,	445217125,	97280980,	62804899,	262435141,	490730263,	414351535,
630821953,	304683629,	449767965,	97280980,	113842908,	124110866,	495504272,	415207321,
431806256,	378335083,	450325918,	97617199,	241639265,	213658244,	500324358,	415904755,
56223405,	465488632,	450669732,	97764163,	753224359,	567667092,	520352392,	416602974,
47474257,	480922258,	450791309,	97795963,	547425308,	470109248,	530524414,	416933887,
554179862,	486154837,	451349635,	97795963,	246725418,	478446527,	538838688,	417459596,
470600990,	628001333,	456687022,	101200787,	44620438,	566214003,	540440011,	418379577,
454345570,	232926585,	465160191,	101346495,	172131415,	407185840,	546326381,	418404182,
454345570,	250154169,	474552744,	104864868,	292387156,	455472340,	547333291,	418784891,
604485988,	312758959,	479000774,	105080954,	216495571,	193240232,	547975593,	418840669,
301258112,	43663989,	491604821,	107016536,	506876260,	740446604,	550257833,	419045164,
186957953,	755562674,	512149643,	108891093,	337163020,	410990167,	553853499,	419162326,
68228833,	198631723,	512332211,	110418036,	674384327,	130044493,	554276276,	420273530,
549932211,	774421904,	515075433,	111297086,	105652197,	330337464,	555695573,	420633425,
90596630,	780169186,	515171166,	112421355,	256946085,	467173997,	564013649,	420671272,
499658570,	664147656,	524097159,	112765500,	433263573,	486723244,	565558513,	420674962,
301258112,	762736684,	527492021,	113017075,	578450651,	323432759,	566435656,	421554942,
499658570,	276995251,	535215658,	113017075,	199747451,	533602951,	568704081,	421849798,
585708375,	804963059,	553848322,	114812933,	255977763,	244021656,	570862494,	422425321,
550063615,	379344718,	559985918,	115345392,	570523016,	533185000,	571219468,	422760902,
650147409,	6464898,	567679990,	115937572,	158482976,	570710923,	571885410,	423110691,
586576821,	52506520,	570636840,	116008437,	61024809,	92601971,	574385317,	423179549,
263314123,	73733627,	570816631,	116155669,	128411524,	229779392,	580019971,	423650209,
547471023,	200527447,	572827730,	116178397,	128711438,	268944344,	583688876,	423686070,
547471023,	189102434,	573664120,	116606936,	8055562,	726590402,	583746363,	425282323,
547471023,	134452091,	574734863,	116688441,	75694306,	726051898,	584864786,	425419066,
578883006,	178800767,	599612958,	116746935,	59408460,	219324699, 285668612, 688564396, 657293941, 299752149, 657302977, 657289767, 657294947, 652207231, 657302418, 652396705, 652202519, 293841817, 650609131, 659032049, 659039452, 659035284, 659036039,	611139877,	425421253,
586576821,	637193535,	600054106,	116746935,	50799614,	140259570,	625683597,	425957437,
586576821,	137016877,	602427988,	117861678,	72555338,	212177698,	626117648,	426780774,
578883006,	187699429,	615434104,	117988185,	198094225,	323706629,	637731130,	427063369,
379998101,	284267503,	621935953,	118737404,	377828679,	231787594,	648838092,	427081912,
379998101,	10134202,	642208438,	118759585,	478972008,	87138672,	662352132,	427293071,
379998101,	743118871,	661353434,	119275313,	192051314,	460871496,	662685224,	427293071,
695311570,	397237524,	669989903,	120228935,	20263426,	155827433,	663457616,	427408702,
578883006,	295458988,	694674523,	121103326,	137081041,	517769070,	667552233,	427980734,
578883006,	149188218,	705003936,	123144730,	164600480,	126257957,	670189379,	428052388,
578883006,	62235446,	736254540,	124921273,	251183188,	129321581,	671672291,	429555537,
594841765,	289667088,	702017,	124951473,	170287361,	240987963,	683946686,	429602962,
594841765,	322043316,	2070635,	126303867,	184777239,	195881093,	684036673,	429934803,
594841765,	185835637,	5669100,	126599061,	301362427,	479756133,	684512617,	429981359,
594841765,	273585570,	15194311,	126861252,	242105724,	45692558,	695643653,	430014725,
395160390,	498443204,	15239317,	126899818,	63774525,	592609211,	698627630,	430625500,
444812585,	409933888,	19366551,	127800620,	148114094,	425957437,	700220837,	432221462,
543504573,	358397237,	27226672,	127878005,	146045628,	85263796,	700369260,	432256668,
700043984,	240917521,	32289515,	128741594,	46082450,	170315815,	700862193,	432827414,
301258112,	27279220,	36946722,	129052699,	93540987,	394895415,	706498690,	435768354,
301258112,	272084352,	37808231,	130087516,	86356879,	196540294,	707056657,	435808792,
359525873,	548345974,	41334550,	130102527,	161469260,	427677111,	707458771,	435891561,
359525873,	437960080,	52739746,	131408824,	215299808,	372757449,	708033961,	436222971,
236292130,	278838600,	56359324,	131849261,	4641264,	399305787,	708286112,	436378791,
480960579,	402024200,	75259727,	131887327,	91988078,	8567286,	711425398,	436454860,
622020490,	578880571,	76604786,	132836053,	19009036,	765259882,	715930806,	436697744,
649528682,	315718728,	76883658,	134235744,	2347789,	451711338,	717504630,	437223666,
238578600,	572488255,	77709244,	134740321,	230379131,	64430539,	718217203,	437470021,
225024072,	723960208,	86265171,	135387535,	1534239,	643823776,	719990016,	437475170,
600275643,	520758410,	96437878,	135583800,	320887843,	166527890,	720406709,	438050077,
365199266,	374020438,	97365268,	136481106,	304956690,	213278460,	721096592,	438374813,
365199266,	537404650,	102845337,	136695485,	328224676,	330118906,	722344879,	439229514,
365199266,	168963500,	113383976,	136981981,	114457637,	19365747,	722860922,	439907800,
411888202,	414818058,	114080888,	137508481,	314805333,	98560879,	723394344,	440171921,
411888202,	365313458,	115596515,	137918126,	167571601,	670951102,	723757211,	441159324,
481203468,	331715560,	118401678,	138252949,	182591613,	168492145,	725788849,	441462785,
481203468,	285344493,	129316997,	139101158,	61989234,	64243271,	726082588,	441750966,
526330532,	472649631,	130961475,	139743329,	7386518,	6148929,	726171771,	441780211,
526539084,	162687956,	132173135,	139965482,	68286146,	252405774,	726708249,	442117688,
285876982,	453258926,	141926023,	140051347,	315125513,	270174934,	727167476,	442346212,
395160390,	253398797,	148764134,	140284136,	181927923,	676807347,	727193188,	443123455,
817288861,	184505979,	151834885,	140342040,	184778605,	476550131,	728740397,	443671390,
506179494,	70452985,	155290426,	140581705,	232136079,	227613433,	731302057,	443954771,
444812585,	549694295,	160742360,	140599796,	231153278,	197660855,	733872030,	444161619,
376394639,	354354680,	163692995,	141030308,	153491318,	573761917,	734286414,	444378429,
376394639,	650093228,	165348924,	141045066,	245645298,	574240630,	734472494,	445060262,
379868960,	391603880,	166400391,	141046002,	83287354,	712756687,	750474978,	445091229,
379868960,	720013970,	168026563,	141223335,	120289637,	474761351,	755092788,	445232301,
664123012,	710614395,	171267340,	141362717,	140572764,	243706642,	759026552,	445349931,
450662449,	119847172,	171652722,	141362717,	192452028,	543027889,	472796091,	445350077,
541477874,	359167467,	171826177,	142177362,	92152388,	730251860,	154837415,	445962176,
622442799,	216639025,	172634342,	142289630,	44994779,	653645646,	168470503,	446338279,
623854553,	190497289,	173763938,	142289630,	23742253,	231382890,	322802,	446551756,
709880633,	432828554,	174702996,	142626730,	271329172,	566590599,	269626333,	446656446,
567547398,	83919221,	179049221,	142717314,	47316577,	538218315,	254444184,	446729799,
570232904,	37004418,	180173658,	142905832,	501615772,	577753856,	383564953,	446779384,
570232904,	431472473,	182284251,	142905832,	323800888,	577546427,	3218374,	446883627,
570232904,	522270505,	187660448,	143029895,	44280199,	625440901,	17331695,	447233670,
409975477,	726278154,	195268821,	143147708,	50708354,	685051111,	47562366,	447460923,
238038329,	173877281,	198038834,	143147708,	192769857,	690073051,	52668841,	447817859,
206275228,	151630847,	202114639,	143147708,	12146705,	384282811,	80585169,	447817859,
162681369,	575320317,	203351951,	143275701,	187140437,	736159205,	91152082,	447822366,
443345170,	559091256,	205612780,	144026061,	86898163,	780167124,	132066548,	448139994,
175444046,	489502916,	211247245,	144028927,	231046902,	786707472,	134159485,	448458933,
470474833,	295172027,	211270894,	144148293,	97104203,	229779392,	146498604,	448523214,
90898958,	307811993,	213735934,	144192130,	158816678,	533602951,	167272823,	448537946,
230619428,	84683920,	219104109,	144898444,	538993995,	410990167,	186856246,	448775062,
78429260,	465181196,	224201691,	145126223,	210625782,	130044493,	207362339,	449346660,
548062683,	644303284,	228459164,	145486768,	104596984,	193240232,	211810042,	449449611,
52392766,	112762936,	229565543,	146562601,	288896851,	467173997,	223329294,	450375572,
755414300,	161895709,	230315133,	147696301,	188316739,	92601971,	242883571,	450429534,
168810672,	565431509,	232066822,	147924918,	141450739,	244021656,	252929612,	450634653,
413954638,	320314174,	236428881,	148048039,	82274172,	330337464,	254908222,	450810322,
216720321,	399620474,	236514674,	148380784,	225480741,	486723244,	268747640,	450810322,
246921944,	131196361,	238375703,	149459906,	78024526,	533185000,	284723109,	451030068,
549324108,	535561325,	241953336,	150091902,	165551415,	323432759,	285218743,	451350402,
518538786,	65516570,	242259713,	150350803,	114174698,	726590402,	297899640,	451590786,
242115593,	286817724,	242432476,	150781184,	74807019,	570710923,	305381801,	451630383,
348011544,	199828674,	242612548,	150974539,	299687669,	268944344,	318193832,	452729026,
244782814,	429606011,	244123933,	152213324,	257077964,	800949479,	324822032,	453314380,
205606809,	303292638,	252090876,	152213324,	164224850,	740446604,	403517033,	453979133,
212962423,	622212935,	255737259,	153036752,	63629386,	726051898,	762700,	454856371,
326375003,	255355062,	256632302,	153149756,	9696552,	769183785,	1755210,	454902452,
269979924,	179519876,	256980840,	153507925,	499786196,	717123896,	5706387,	455641727,
221264567,	186278775,	259640670,	154023243,	96270679,	761384249,	9663803,	456299150,
388583366,	476603453,	260350740,	154616245,	111621,	769365811,	12806015,	456836076,
190930068,	94968151,	262479957,	154761279,	216203805,	442433286,	15964366,	456837065,
565556288,	288351197,	264746177,	156155774,	107584006,	762573462,	16291104,	457546980,
62840024,	698532685,	265901455,	156298419,	150718965,	766263687,	22350898,	457757534,
526310449,	142708753,	268079125,	156497298,	3696089,	772240914,	23848430,	458650103,
579997905,	646264275,	269155046,	157395710,	9402802,	775873661,	25523702,	458797081,
254779222,	168495933,	276412404,	157765028,	60246795,	652358102,	29214417,	459001705,
174599016,	183442062,	277967455,	158043616,	41617028,	764449344,	34273922,	459651783,
178562922,	381675523,	282257711,	158090189,	176541082,	807353388,	37388398,	460811350,
255034561,	239162195,	284850746,	158311235,	47156637,	761425860,	38208318,	461229200,
484368174,	712610368,	287536563,	158643537,	76077612,	772221889,	43065050,	462004381,
126542327,	470187808,	288102276,	158848551,	273312822,	799471467,	45254568,	462004381,
478332182,	27248935,	290477154,	158873923,	689919,	813069922,	47574213,	462839560,
200344407,	766642543,	291171394,	159120559,	142880583,	813069922,	48177034,	462854445,
566611757,	649996582,	291192979,	160157467,	161229927,	782513521,	49449291,	463054094,
206703904,	621991073,	298354840,	160243440,	56314055,	793811705,	51094394,	463251415,
252407402,	684693700,	301308959,	160315728,	432501842,	681139109,	56417733,	463794507,
525215061,	637245989,	304120465,	160450522,	436122206,	168249547,	56723992,	464073469,
442424733,	304927422,	304695700,	161431002,	64404624,	766760680,	60442909,	464551432,
338656355,	398530513,	305175992,	161758057,	735842307,	456676923,	67502644,	465195630,
549763090,	295698699,	305991032,	161806059,	251167705,	192480585,	78260767,	465201652,
617781358,	434477567,	306621692,	161960254,	109849211,	791791938,	82023412,	465446018,
136430541,	600760433,	306833514,	162392745,	152142493,	547505000,	82219494,	466680976,
176837259,	175490264,	308666081,	162659302,	220276025,	792353538,	82512873,	467173997,
133491439,	376266037,	310754752,	162758570,	66710336,	229887360,	86079400,	467436105,
243582355,	179307734,	314999837,	163199700,	131361578,	812376827,	87633901,	468097638,
19624429,	253398797,	315166892,	163559585,	96527952,	718781633,	92299108,	468805569,
315839009,	529279298,	317971021,	164686510,	110162,	676593159,	98128894,	469078480,
193721427,	209712635,	322072481,	164976539,	5276693,	796003655,	105952182,	469192140,
589279865,	522090306,	327733205,	165094391,	457761714,	795264951,	119111153,	469566465,
553928980,	300907731,	328346678,	165136761,	60096331,	810953804,	119123423,	469796015,
403530297,	455709948,	329876698,	166135564,	425342386,	827563035,	121004519,	470195110,
378072526,	238927318,	331275585,	166497874,	222283309,	640436496,	130100197,	470437735,
353899337,	273541884,	331551040,	166902418,	25679280,	234000251,	131566865,	470621309,
280214234,	28883646,	339058526,	166943377,	43831332,	442421077,	134181552,	470740918,
264865901,	259823418,	339390540,	166943377,	9649614,	257072993,	137124221,	472158417,
170421130,	530425743,	351941468,	168013275,	157521844,	323697852,	138051205,	472500446,
661837973,	145645707,	354300590,	168057629,	114179423,	246756278,	139705953,	472836759,
491078485,	538755264,	355857619,	168493640,	296728610,	155425567,	140799496,	472848574,
604646153,	45681766,	358245125,	168929348,	193644313,	138235844,	146569506,	473063607,
701536656,	640122920,	362640731,	169111699,	314930883,	707753757,	148708640,	473761762,
668455958,	88320357,	367842303,	169806848,	67105183,	486750693,	149963199,	473777752,
689482679,	537404650,	371965601,	169885730,	666749750,	472158417,	152425165,	473841624,
394887418,	555469709,	376353450,	169892061,	452741008,	581448756,	153425432,	473841624,
707842896,	579684720,	377018002,	171243444,	134401239,	239618218,	154901871,	474079443,
715777352,	190819660,	399621798,	171349345,	474275915,	93173510,	156246132,	474107591,
50557397,	688394470,	399925432,	171391268,	463488087,	723743093,	158519302,	474487654,
113378453,	664060526,	401770733,	172668757,	58928309,	220536693,	158689680,	474549195,
614547995,	664067092,	411056093,	173063257,	54152646,	399305787,	158770383,	474549195,
614197567,	726948787,	418616069,	173414406,	139113527,	176909604,	159472738,	474803776,
668830542,	736875441,	420011716,	173537059,	161791214,	296064033,	160190870,	474813024,
736690803,	733443129,	420666592,	173537059,	18673641,	646253049,	164591604,	475330573,
407067388,	703721281,	425713810,	173913402,	155449680,	602729374,	167088269,	475482178,
532824343,	765660886,	429370304,	174095479,	80522271,	516491031,	168562175,	475791063,
277824860,	758664621,	429643908,	174785179,	76122814,	20703080,	170167553,	476720002,
677328505,	722940924,	433316427,	175058897,	264259986,	228145111,	177682726,	477671634,
738547244,	732582402,	434415215,	175407326,	163440917,	386261073,	178847928,	477826435,
773452491,	638216190,	437524261,	175587118,	512622512,	759347722,	182637962,	477914933,
632331744,	635345120,	443953561,	176152890,	165975732,	567850945,	182674325,	478047843,
442348733,	635339199,	446510535,	176282599,	48166890,	702173574,	183864547,	478284644,
755912810,	777042231,	447319821,	176282599,	71127082,	759339692,	184043280,	478645619,
671238414,	179105330,	447512022,	176832827,	161901507,	581448756,	184928169,	480205750,
698428758,	537955431,	451396069,	178165823,	78212055,	564615359,	185361998,	480205750,
735733092,	766214217,	452697948,	178411025,	59410481,	484436004,	188078446,	481046729,
452430788,	192337760,	456306730,	178797176,	192260522,	234000251,	188689092,	481129170,
670491342,	211037446,	461172744,	179288344,	27521118,	155425567,	192099857,	481153991,
715801327,	242175264,	461801780,	180056438,	193554423,	353148713,	192157235,	482033823,
695283255,	230474128,	467449137,	180702024,	61808601,	716811993,	192305140,	482341401,
714067262,	486750693,	470392764,	181104531,	72118657,	326016487,	195006764,	482399946,
264495397,	85263796,	471721043,	181287574,	293421646,	296064033,	196594259,	482588911,
87509546,	20703080,	487620450,	181315660,	131758489,	246756278,	199006700,	484015210,
530060277,	526658607,	493007434,	182175331,	351673928,	138235844,	200111739,	484436004,
620009882,	564615359,	499033702,	182217242,	154240966,	707753757,	201850775,	484467020,
638339914,	581448756,	506843471,	182250130,	73003930,	707753757,	202058330,	484467020,
290354704,	412008939,	517530628,	182314528,	201486774,	245718870,	206384157,	484690409,
600259116,	694785153,	520171270,	182876950,	44739616,	257072993,	207726560,	485018468,
638703882,	246756278,	523946206,	183272859,	105284246,	323697852,	210292439,	485092063,
199769978,	245718870,	523983188,	183272859,	148825112,	85263796,	212375086,	485979501,
615004374,	234000251,	530427399,	183535607,	60966203,	265786710,	217338699,	486671916,
615012547,	447822366,	532557904,	183730323,	306884411,	367856226,	217844889,	486733252,
656512207,	472158417,	533256108,	184215403,	152817174,	367865349,	221152223,	487022156,
615011310,	484436004,	535970247,	184310439,	230053044,	368734327,	221885128,	487146588,
688626700,	133004793,	539840316,	184351454,	10470150,	63791348,	222386588,	487417399,
717360550,	474700795,	541077155,	184613236,	451252493,	148815135,	223243938,	488439015,
717679955,	317204120,	542149756,	185033834,	114479414,	259701866,	227707626,	488715873,
717694066,	543929698,	543988602,	185638169,	397455633,	89502632,	233062458,	489158830,
237612256,	625440901,	550082876,	185676066,	230493045,	352166857,	238670762,	491495868,
747946751,	502465500,	550243211,	185682960,	428196196,	463674951,	248728878,	492110127,
391339775,	531132795,	553854680,	186134338,	365306883,	446585903,	257167451,	492938635,
769973747,	443673871,	564309356,	187403299,	13262009,	351182706,	261161259,	492970149,
599332030,	391632091,	564691597,	188423992,	462533972,	491246420,	261629398,	493127073,
792426879,	266962212,	567235149,	188661470,	85812242,	486863711,	262112926,	494381598,
747297638,	216444706,	567892603,	189058239,	64850897,	22672493,	267146829,	494909909,
457348442,	146165324,	568109315,	189322564,	163529126,	484673049,	267269622,	495991235,
798378117,	2465761,	568438547,	189789213,	39384567,	486498537,	267637816,	496488696,
816007313,	185607722,	578554067,	189829395,	67116670,	490755121,	269688131,	496497933,
493843964,	315181271,	580089468,	190082538,	287054359,	488664667,	270057161,	496921095,
547509373,	522537415,	582424138,	190161270,	56818601,	358396293,	270669029,	497552509,
554072103,	437422883,	586356301,	190187589,	74904376,	485347405,	271009760,	498335821,
536979207,	613395533,	587830499,	190569960,	195832205,	491115774,	274285755,	499871641,
360464266,	587620919,	587876787,	190749727,	57007654,	494306968,	274793098,	500175101,
517297970,	147448545,	589461050,	191025689,	156142703,	491401401,	278088581,	500950975,
522571010,	229197596,	600729508,	191285129,	209820344,	486856264,	280867728,	511675507,
120392894,	337352780,	604714787,	191306363,	122659554,	516513233,	282837937,	511679201,
583926072,	502465500,	610263851,	191342892,	143700494,	516427728,	287274580,	511813588,
570708193,	531132795,	618784649,	191342892,	327500259,	514940736,	295784067,	512217637,
184504855,	487022156,	621948340,	191342892,	268317904,	493754846,	297665980,	513662305,
532133427,	555696039,	624908637,	191342892,	69100290,	499004332,	298616064,	513671693,
245013431,	241112626,	625901067,	191511345,	243374003,	487417510,	305339155,	513747197,
187465913,	241113292,	627814315,	191929328,	104350120,	275171659,	307698294,	514052245,
261382885,	726273552,	627826958,	192256809,	680515,	568658159,	312330654,	515411184,
137031917,	79572155,	629020864,	192807434,	226262026,	42100748,	312732471,	516778033,
251188669,	734605048,	629380970,	193065810,	127383407,	130085722,	315147116,	516896599,
181748368,	697840331,	629425501,	193523189,	155107410,	498647593,	321782089,	516896599,
89575112,	768931340,	634853502,	193578739,	340109223,	460687573,	322483307,	516938701,
62004413,	748463836,	644324569,	193635784,	10034731,	554146235,	324658534,	518126100,
19876329,	773608416,	653221683,	193724256,	345566645,	571106144,	324965687,	519146062,
116026826,	418149407,	656616449,	193830399,	73223464,	509976966,	337038705,	519146062,
169841722,	222533718,	658581735,	193966282,	177776871,	27803064,	339854909,	519749707,
76763631,	519226419,	660929755,	193999976,	188368799,	525684308,	339897414,	519751377,
62435185,	284451178,	666196478,	194133606,	156628281,	575551456,	344374766,	519941549,
384024674,	342251688,	685114596,	194784902,	114882315,	563936675,	364211771,	519941709,
23472398,	447228871,	685445520,	194805923,	204516496,	18691585,	374358528,	520686363,
44012389,	261352302,	685785921,	195419774,	47277478,	33230551,	381159741,	520951181,
139673546,	369351484,	686247687,	195498132,	72813499,	47042481,	388759042,	520958345,
29865097,	159727642,	686355868,	195498132,	199340505,	49468244,	392295158,	521671806,
57349305,	304459049,	691339944,	196317436,	212298174,	53770288,	399173457,	522123346,
184851097,	377454768,	702919344,	196540294,	40727839,	128019548,	405593546,	522426066,
212475070,	290638535,	705796376,	197110382,	222039575,	128517122,	414112680,	522798759,
53347156,	323095885,	708358449,	197937738,	183426174,	136226152,	418092840,	522924249,
21630185,	471427978,	712856864,	198436363,	3137551,	136667322,	421998596,	522999291,
99174498,	166623522,	713236538,	198676577,	191348103,	140548095,	436364625,	523432971,
107042,	509602944,	717388618,	198714205,	90684103,	147857975,	443657643,	524736285,
216792577,	561029499,	720001141,	198876182,	77581040,	148229504,	447589532,	525667224,
178351437,	300838975,	723849358,	198978359,	77142162,	152213324,	448547650,	526446635,
26078153,	496503218,	725785851,	198981360,	69991162,	164848506,	451630864,	526734573,
75320538,	161960254,	729109444,	199526675,	177863646,	170777770,	457539537,	526913202,
177162137,	135583800,	735774425,	199681996,	335872135,	170914384,	458341115,	528008933,
148730174,	446988463,	741172847,	199681996,	173563910,	180963110,	458444705,	528399728,
140604569,	165094391,	754504203,	199825157,	422230073,	181266843,	459208892,	529248669,
168988277,	612483713,	173682898,	200144225,	140240626,	181764571,	460789305,	529343308,
46370424,	459747044,	553809691,	200363748,	32725962,	183589944,	465282836,	529352556,
187810416,	227289711,	80191153,	200524310,	145638604,	186328789,	466623431,	529366057,
161941528,	377742691,	782468202,	200524310,	127419465,	188155606,	474451262,	530954501,
17905314,	227614973,	197132517,	200593340,	565963256,	193296930,	478999909,	531467282,
90514995,	173913402,	286936680,	200682470,	233230004,	196305313,	479726323,	532156667,
192261791,	208243398,	222721938,	201049225,	234013499,	198496200,	482412701,	532826155,
384762116,	236366596,	316739233,	201181906,	219272075,	200673460,	483535679,	533180837,
65711207,	114701508,	661388816,	201181906,	75838618,	202498477,	483977958,	533187130,
69454611,	638270084,	188991007,	202128183,	223275046,	205904186,	499051551,	533195983,
242843476,	68765047,	158181548,	202297887,	80623146,	206260711,	501305288,	534713792,
95876729,	658444074,	420482229,	202297887,	129994787,	208936387,	502437431,	535495285,
145640161,	232385720,	2806183,	202725990,	31934481,	210705473,	521650984,	535830402,
156397749,	168492145,	2904145,	203075147,	67619515,	211592010,	529407762,	535862861,
497654573,	143854678,	9040583,	203422011,	185964281,	215176101,	541395532,	536619087,
210524743,	252405774,	10376226,	203912455,	69987805,	218120088,	541567255,	536954018,
127362412,	14835627,	16774236,	204210471,	36552322,	219297035,	542340628,	537075047,
353806693,	177895521,	27469563,	204423339,	158359521,	220786467,	546532502,	537117392,
298034927,	379884874,	27793498,	204850498,	253517804,	221906895,	549740592,	538242662,
296087838,	137458107,	28216448,	205485271,	165311749,	222306264,	556537916,	538469438,
480396830,	1915378,	30105914,	205704310,	198175440,	223515709,	560449494,	538469438,
263770607,	264685287,	33883083,	205704310,	262835699,	229166448,	565671101,	539157406,
156067261,	235262653,	36288413,	206818791,	60351381,	231697598,	567092643,	539172427,
726555418,	230955335,	37304259,	206824173,	81466624,	231748369,	567656117,	539238681,
162737620,	269989756,	42518922,	207208959,	259620362,	233376255,	572213878,	539348454,
155486239,	269989756,	43160447,	207727090,	385635403,	233524958,	575303818,	539679480,
210561111,	156497298,	46174814,	207746992,	52509828,	233525690,	575567353,	540714588,
225505286,	191599505,	48824709,	207921860,	93419032,	234504033,	578077897,	540793516,
246347375,	265690040,	59081476,	208183507,	20565408,	235371943,	582141521,	540794993,
196563344,	41008333,	61217391,	208678115,	78005328,	236503463,	592724647,	541208775,
78893389,	129727497,	64640684,	209449704,	655952184,	236514760,	599490704,	541229339,
134715753,	95527565,	68067477,	210043465,	3777445,	236516262,	614518168,	541569746,
69289281,	356514087,	71309865,	210339491,	428297771,	237044001,	616290559,	543274027,
145060476,	718822100,	74777172,	211283500,	148262874,	237159366,	619953303,	543337300,
646777,	273841419,	80256505,	211412474,	42459084,	237667518,	623737495,	543723260,
451569862,	571763959,	83478944,	212046123,	413658225,	237667593,	630961313,	544175712,
246143021,	227191998,	87427609,	212195251,	207997504,	238552564,	639897352,	544183275,
51101521,	159198795,	94367389,	212300535,	52054374,	239654984,	646276707,	545096660,
212273631,	731249858,	94525680,	212901918,	128139164,	244903188,	648255672,	545183697,
212278799,	618188200,	115405219,	213528034,	142436011,	245504126,	650967729,	546545747,
454680418,	634755671,	116283922,	213631408,	15096445,	246005614,	651060455,	546547367,
153582281,	697906924,	129650844,	213839067,	146480022,	247206024,	652191172,	547245827,
466208733,	557577241,	129820144,	214251512,	18936770,	249196298,	653041143,	547884573,
212272936,	242554669,	130727659,	215055716,	113193386,	249200754,	653233289,	547925278,
212431943,	492972610,	131815652,	215893544,	168211358,	249836263,	657968180,	548393320,
212477905,	579409434,	137086383,	216032066,	98239578,	250159890,	677258199,	548394353,
559873367,	1166497158,	140975611,	217134258,	645385835,	250862104,	692659267,	548464837,
191998243,	403542191,	144166721,	219070561,	260997155,	250910845,	699002107,	550176222,
561472433,	396881130,	148545869,	219316602,	190143240,	251775135,	704267843,	553393450,
240710008,	302679353,	154046748,	220105200,	302243617,	252241553,	762471204,	553798505,
238960815,	621904796,	154309775,	220601793,	180712342,	254930545,	775315734,	553897735,
167570448,	599323187,	154312855,	220649509,	187497517,	254946646,	780842989,	554171021,
685241555,	320430773,	155823690,	220831907,	221909209,	255744938,	787731036,	554333967,
575110985,	643626876,	156850957,	221331816,	35374010,	256281953,	332787059,	555339641,
177433927,	650059175,	157363983,	221999481,	180427376,	257756004,	216387302,	555528878,
166534555,	588783490,	160626220,	222040143,	65063364,	259072540,	281563829,	555873788,
608887919,	170823796,	164194485,	222189972,	28842596,	262173057,	26639363,	555929513,
187923501,	256786757,	165074867,	222229563,	186870837,	262405872,	82218701,	556119199,
156472100,	628046965,	168184578,	222512448,	162114444,	262406387,	548570624,	556196561,
70513647,	581449690,	173210169,	222935122,	74228560,	262574086,	372220285,	557609607,
149649354,	637377519,	174161714,	223533491,	579983671,	262579812,	235616664,	557940457,
278944476,	637303923,	175691144,	223607985,	145514638,	262580905,	93914788,	558578014,
493160091,	260826003,	176519973,	223771345,	654199210,	262581411,	303244448,	558606465,
177425998,	250307819,	178491381,	224640447,	98271494,	262856492,	81009413,	558606465,
432145923,	620799712,	179110711,	224781651,	30169562,	262900879,	27067440,	560258297,
306401715,	645036913,	183134623,	225099676,	580638491,	262916635,	139256194,	561005226,
652366401,	645434586,	188453580,	225632916,	39855351,	263189837,	21893911,	561157607,
132235823,	645426468,	196695458,	225881234,	208219459,	263320797,	30672107,	561352628,
151970801,	645867596,	197708697,	226112389,	31719574,	263348480,	31104934,	561352628,
377840555,	644005785,	200058335,	226500948,	90368933,	263424328,	126931176,	561530111,
3255473,	649963261,	202692609,	226734888,	117680035,	263919130,	127464251,	564069060,
336151051,	275997068,	203833396,	227165034,	397471385,	264126863,	132595392,	564206523,
350153665,	671974992,	207477593,	227349744,	39472066,	264137878,	153345604,	564609515,
170445473,	661371879,	209853889,	227596415,	44024048,	264812268,	164227656,	564687098,
144517917,	396881130,	210216297,	227797713,	431690899,	264814190,	166832122,	564701200,
179907718,	698431269,	215169438,	227995439,	205167706,	264820203,	199173372,	566422763,
730168809,	698499112,	215570799,	228155819,	164290689,	264977946,	199868741,	566441433,
51328026,	652251185,	216772250,	229185051,	65301834,	264980624,	215484417,	566464174,
174556876,	699362707,	237885893,	229344263,	81794304,	265595725,	227498777,	566523077,
3328386,	700333439,	238658651,	229519674,	177988645,	266124346,	231319432,	566855464,
10260063,	231300703,	238671534,	229563643,	393731981,	266126721,	241759860,	566931933,
169882209,	700549716,	245705022,	229779392,	28901009,	267214685,	299079120,	567133734,
30138062,	643985624,	258724976,	229857909,	210648773,	267566847,	312629968,	567713792,
306400778,	324801775,	259723129,	230074886,	130722585,	267619652,	346945661,	567813741,
58764965,	638444213,	261347952,	230477882,	24102875,	267874930,	380804356,	567813741,
505909430,	635816909,	262222456,	230603192,	28800001,	268078238,	403671140,	568057867,
219522145,	649667514,	266130162,	230707874,	439104803,	269185675,	418972632,	568245598,
221818866,	716299592,	273211378,	230969734,	52270943,	269230243,	431772467,	568245598,
272941161,	716893591,	275582970,	231073934,	197945411,	269231648,	484800219,	568290250,
27031655,	717817419,	277221000,	231646490,	27196255,	269232792,	22017136,	568472168,
195746633,	719274877,	278975097,	232061398,	34959458,	269286607,	201025661,	568590229,
27151432,	650445453,	296109003,	232295440,	497906304,	269642833,	22471994,	568595507,
299048090,	719974467,	298527593,	232817849,	281232378,	269701575,	23362574,	568763182,
299055600,	720520210,	303945292,	232941767,	56787846,	269851618,	38209081,	570267839,
78541029,	721027437,	316502817,	233509046,	369271235,	270129670,	45162397,	570497172,
149254464,	616219118,	316788627,	233806181,	18778369,	270704306,	78060570,	570501118,
467409165,	724203538,	320449681,	234347555,	183000192,	271942613,	84165486,	570637594,
191047873,	661371879,	323161504,	234733579,	183074533,	273935651,	101451952,	570640326,
576150449,	669321888,	323884552,	234734788,	190159087,	274101367,	119961504,	570640326,
215958815,	728123962,	336396220,	235038234,	277179162,	274208965,	128886540,	571373940,
743449511,	729200090,	337119560,	235191693,	211091321,	274215331,	163114789,	571747785,
232787135,	235843723,	343722624,	236523650,	9475961,	275032644,	193925953,	571757931,
698385345,	672842527,	345329367,	236799947,	208334604,	275480179,	195890686,	572124961,
576254396,	729908828,	354408662,	237332922,	95837674,	275683776,	208873302,	573715118,
302555205,	739066488,	361215219,	238444381,	128242705,	276845283,	210301315,	574005204,
402185809,	263582798,	376245020,	238444381,	306627641,	277820060,	216601429,	574394454,
127422368,	750851604,	379567424,	238543601,	128174621,	278684191,	229911931,	574414349,
85249714,	753986218,	381087334,	239057459,	13858810,	278756950,	233073049,	574460669,
168740051,	755728420,	403525875,	239090760,	76417585,	278868363,	243400648,	575210464,
131348280,	665477802,	415138514,	240354914,	137065404,	279112363,	259401682,	575487824,
466012382,	732511529,	423190634,	240406013,	91046830,	279640169,	263049282,	576075844,
160267635,	749786843,	423438039,	240406013,	133633856,	279720336,	279380758,	577530820,
261745655,	676664765,	423862831,	240527526,	11111962,	280055527,	291372032,	577654931,
610743463,	763122645,	427141231,	240993445,	216316501,	280237291,	301911957,	577680761,
10515604,	766335392,	429605256,	241340801,	265893742,	280836057,	307628079,	578117670,
320396604,	771692357,	430581786,	241354403,	313043158,	284262205,	316076248,	578136428,
25221723,	653185143,	437797474,	241433549,	382518761,	285331000,	326920111,	578247725,
608885756,	777142424,	438310684,	241747783,	19534331,	286388132,	341036919,	579177852,
449441056,	780316241,	440460891,	241748981,	203398151,	290057553,	345704836,	579351581,
24405034,	780141654,	442598493,	241957904,	229760470,	290233700,	357330900,	579575736,
233212855,	780780217,	444740677,	242062248,	230724212,	290452674,	397538422,	579668611,
624877346,	748387263,	444818919,	242940761,	137086836,	290456578,	423474812,	579980155,
199787803,	794801093,	458681178,	243200437,	206755857,	290686154,	438370656,	580094547,
420116833,	669594961,	461821902,	243912991,	290403581,	291206638,	443346834,	580095426,
449091822,	330351648,	470351559,	244189346,	382992375,	292937233,	514162196,	580410993,
286146489,	425362010,	470558091,	244656439,	221809324,	294070598,	530700347,	581008377,
605419635,	405865659,	473657919,	244756458,	57685203,	298352382,	541708990,	581008377,
424860297,	316950140,	476599169,	244780690,	168175742,	298458442,	553821726,	581365916,
534821694,	665586562,	478879461,	245176570,	335752711,	300821995,	632352191,	581476385,
645787994,	555435014,	480838077,	245585146,	95586201,	301057027,	660891484,	582562714,
120075970,	751843359,	486218098,	245585146,	184616888,	302231590,	259049250,	582612797,
299468347,	599390045,	489747188,	246406184,	150621817,	304395750,	151872457,	582645708,
646256992,	367910092,	493837512,	246461960,	81639560,	304631669,	32496423,	583069832,
185425083,	6441793,	511035053,	246886752,	27980602,	307388926,	237760140,	583183067,
219326276,	36866287,	512331909,	247203153,	147068813,	308397831,	185729439,	583569581,
160966636,	312440407,	516485692,	247203153,	135668396,	308883772,	120892009,	585299131,
286527767,	330311138,	524532482,	248069529,	45698932,	309389452,	636780325,	585314711,
642125669,	711372038,	526901177,	248216680,	51855129,	309880530,	396034020,	588859222,
210979697,	640440949,	532537704,	248860563,	209183697,	309895287,	644940614,	589284659,
711334011,	649033346,	533201886,	250029088,	549731022,	310307361,	473945299,	589374563,
287440338,	415562668,	537691925,	250552088,	397083217,	310499737,	279096728,	589376207,
142125695,	328506864,	538978488,	251151633,	1990714,	310717694,	314194080,	593092534,
143125485,	542861028,	539248970,	251158572,	51776267,	311033663,	416406799,	593097515,
318494504,	407119399,	540873810,	251341252,	18354684,	312004594,	168404821,	593121166,
31875925,	547950657,	541555109,	251535997,	470700517,	312376197,	336394825,	593238799,
256324891,	195877553,	543671172,	251772358,	51059801,	312421494,	80839818,	593780772,
9877009,	467400497,	546236668,	252239169,	206190867,	313472876,	81229085,	599276560,
164041557,	187634979,	547959325,	252434326,	228105299,	313763813,	242836195,	599390045,
39144101,	242004127,	548600602,	253018194,	158752154,	313792855,	398570910,	599992806,
260474743,	181287574,	553938752,	253618614,	176605767,	315923344,	3214381,	600822771,
131648529,	147694860,	553942160,	253693449,	260608787,	316551911,	190970309,	602572785,
37133205,	769183785,	555491427,	253804647,	48915658,	316988560,	477146248,	602620192,
132422133,	717123896,	557497662,	254322656,	520239526,	319056705,	261278739,	604202929,
69541508,	445103301,	561025935,	254333017,	9966024,	321362389,	74716170,	604629593,
82916233,	658925814,	573976600,	255162860,	255277578,	321661717,	537793814,	605383234,
82521850,	24248686,	592238527,	255168296,	175046524,	323473947,	187605696,	605911523,
172753273,	434145948,	593298516,	255200800,	229050482,	323712842,	40682962,	605948386,
210728070,	324999172,	594686339,	255586727,	589437680,	323875777,	404032553,	606152101,
61852079,	302039884,	604720212,	256620221,	24528652,	323926204,	474163674,	606609380,
12626860,	554328122,	608749289,	256885771,	15333864,	324639362,	254305060,	608980436,
451659025,	357237259,	608865207,	256885771,	133509398,	325020884,	132923041,	609346680,
256263226,	517003891,	609389670,	257072993,	93477946,	326150591,	628549634,	610089679,
164352247,	425362010,	612588411,	257155540,	428431755,	326211199,	241928511,	610111660,
185702920,	354552399,	613305932,	257268611,	178803929,	326517165,	250968543,	610219497,
208137579,	247351946,	617593721,	257621811,	210018018,	326741483,	177463276,	610941879,
131846678,	134061330,	626886946,	257755915,	192080961,	327521514,	44427772,	611086896,
116158941,	731239261,629368804,732016814,733111105,637076673,645833831,711367254,684826854,629209081,711380403,628880529,731378410,711557642,731177294,727574783,736228121,736271793,	635373092,	258576569,	103907974,	328263822,	179518941,	611164133,
274214713,	137255027,	636470469,	259895967,	47700510,	329831762,	161890169,	612709164,
243450833,	37617471,	642273229,	260108523,	203902217,	333919365,	258641021,	613251311,
348554138,	205715092,	643585645,	260517219,	207473431,	334171846,	319410279,	613693875,
179579764,	46013483,	645396890,	260570452,	315440827,	334341716,	455589108,	613796632,
179274188,	186549617,	658612276,	261307066,	145985661,	335465473,	45193846,	614204755,
288753228,	274982808,	662578036,	261723432,	52130335,	337113548,	61051107,	614265206,
25704919,	181245227,	665639797,	261749057,	105539832,	337322234,	251552320,	614712749,
139060460,	183146064,	667152105,	262005979,	65156448,	339590318,	628367081,	616211279,
59359887,	249871848,	667427967,	262183378,	129145891,	340071053,	47011163,	618459276,
179571326,	210411216,	671689030,	262311217,	102238778,	343360848,	413417280,	619158238,
115764017,	206198213,	675518808,	262311217,	677140963,	343943538,	84605828,	619521654,
226081696,	208949664,	677844661,	262458259,	72626573,	349509004,	576237249,	619567090,
125095349,	262674558,	703774547,	262489301,	204002174,	351184575,	46280859,	620038542,
147257166,	460969339,	704060214,	262496429,	32840215,	354014982,	83410181,	620230938,
613798707,	482692451,	704362118,	263678949,	21497735,	354535104,	177416286,	621377043,
309453406,	478932480,	711010247,	264882533,	362412802,	355144176,	210385829,	622660193,
180214913,	429604688,	713670559,	265112622,	61499782,	360122869,	203855865,	624295239,
304248120,	258581115,	725514524,	265700335,	188246625,	361122885,	75914864,	627455426,
71229887,	356173913,	761309170,	266076011,	214918765,	361617818,	635296573,	627455426,
291805560,	164899487,	281435699,	266234816,	213975636,	361658718,	47785534,	627786559,
145868636,	259428092,	264575016,	266258265,	224694745,	362184729,	54532798,	628536731,
656623510,	441768758,	463899604,	266258265,	195265463,	365364740,	2774013,	628758304,
262582139,	531396857,	556226671,	266661482,	129888001,	366901707,	449178954,	629365525,
447806893,	546392726,	15206657,	266819140,	239071340,	366987732,	89433143,	629365525,
15604260,	335796686,	18484145,	266935907,	313461952,	368453422,	103996392,	630414245,
109569068,	470225584,	21618875,	266970834,	9593242,	385597684,	532920713,	632391538,
256189964,	165332412,	23838355,	266997718,	76867391,	386661642,	24147475,	634660104,
279736282,	116318056,	29445274,	266997718,	95834970,	386825549,	22667137,	635120328,
161008662,	484730113,	31967659,	267032408,	34561228,	386868289,	564266008,	635146233,
119914491,	327948239,	35114296,	267827370,	44318577,	388573168,	82265119,	637859169,
577646081,	483002869,	36302291,	267892530,	114991128,	395167405,	379742037,	638192216,
110242209,	85668281,	38269639,	268065248,	548085300,	395216593,	267634502,	638659927,
258450419,	323740416,	41675446,	268065248,	33344820,	395658518,	325250930,	639084123,
743004214,	431696146,	42540047,	268092777,	17009375,	395951291,	339414215,	639744958,
194679380,	359815649,	44873610,	268724190,	96823127,	396096858,	637440271,	640292778,
335450469,	512626749,	49417063,	269167870,	33762651,	399347654,	244565748,	643994942,
78005094,	467861106,	50336201,	269261931,	648169674,	399632615,	93093632,	644847022,
294914374,	164644821,	63408037,	269406683,	327955455,	400829976,	582769378,	645428959,
218165061,	183079355,	64007963,	269669015,	13970335,	401381818,	203730573,	645855680,
231647363,	233803972,	66444203,	270174934,	164253869,	401391407,	206710930,	645872859,
188450033,	242004127,	69236079,	270626438,	13241850,	401391729,	32592886,	645921558,
34801784,	256854873,	73859092,	271010090,	44169260,	401546083,	313471922,	648055042,
28785841,	285671077,	77060690,	271909257,	476411,	401550205,	181343317,	648062205,
344235921,	355410762,	79125805,	271957339,	7625198,	401613293,	31841231,	648089753,
169311474,	412008939,	80069116,	272545167,	215510634,	401718021,	227597864,	648147801,
553476757,	439612592,	81578277,	272786030,	307648227,	402270781,	623986548,	648223053,
368534201,	442055624,	84260664,	272786030,	129286884,	402283518,	482595248,	649475994,
266991559,	448829019,	84331371,	273398055,	303952030,	403174020,	362743737,	649498091,
7055243,	465751851,	86211557,	273468341,	181300200,	405396620,	217390913,	649564945,
186203072,	482300641,	88379050,	273755924,	51553752,	406520949,	564761686,	650564790,
188970420,	539686439,	89642541,	274604505,	170418374,	406730462,	106815371,	650667021,
78568848,	555459771,	91285202,	275184913,	193151743,	414346981,	246057786,	650670613,
211081461,	615307829,	91911341,	275305297,	44778367,	2298950,	315678634,	650816349,
288878027,	645168274,	95428411,	275349850,	91973738,	2465761,	129964172,	652257110,
284824585,	653574546,	97892065,	275547482,	336742535,	3149087,	87860963,	652502262,
233893388,	665043165,	103105575,	276130520,	221803333,	3294357,	432623960,	652522236,
302084417,	707373295,	110964097,	277463713,	165619784,	3488193,	154895648,	652561961,
454669664,	757070163,	117550776,	277487696,	327998479,	3614135,	153816019,	652844252,
20908304,	736159205,	125291116,	278116515,	191914203,	4000697,	414682485,	652871247,
638528199,	599992806,	126260809,	279124169,	136329808,	4084167,	146884911,	653134831,
156810734,	607225773,	131017496,	279277727,	220102085,	4688637,	130329149,	653619908,
85719635,	473676486,	133061638,	280235808,	150762899,	4938207,	432678366,	653683171,
233504916,	452443717,	134595204,	280235808,	222656595,	6148929,	281378908,	653701048,
294473281,	452446265,	135949871,	280794942,	116239336,	6212195,	312989285,	655325345,
222758551,	568079848,	144042075,	283059211,	75077863,	6269564,	164696551,	656867130,
214598734,	616266023,	146381525,	284245459,	184241184,	6337725,	190991277,	658739905,
452287402,	544094651,	148156936,	285430531,	158478046,	6441793,	384693847,	658802788,
747553616,	161503206,	149447734,	286205903,	76774874,	6441793,	587639283,	659027092,
611345919,	618148002,	149992736,	287022658,	140884116,	6506985,	114551855,	659063852,
497345251,	742220069,	153302840,	287945051,	189527984,	6759953,	335512107,	659810392,
269998830,	686292048,	153985713,	288449672,	172354441,	7243285,	333905784,	660878022,
792231640,	648217079,	156214004,	289461379,	27103683,	7682896,	499127108,	661617966,
257050030,	160243440,	157394073,	290121459,	200526381,	7715932,	5198897,	662275253,
689454388,	204423339,	160319898,	290283166,	75438663,	7833368,	259357907,	662850550,
212011454,	223607985,	163326826,	291206638,	7851432,	7833368,	323061348,	663289326,
177881788,	86716139,	164939544,	291206638,	555730677,	7998054,	488828342,	663520492,
109089,	116155669,	168383050,	292589947,	217425464,	8086368,	485937767,	664465103,
703954262,	611224705,	171829817,	292589947,	21540824,	8321644,	307316635,	665380966,
236166942,	255200800,	172159083,	293139712,	11133083,	10341158,	158556406,	665839978,
386248603,	193729873,	172870995,	295176799,	235476092,	10807064,	234536293,	672271591,
98254148,	247337564,	175084057,	295537221,	92653704,	11026468,	313380340,	673595966,
253789061,	341163555,	176926563,	295569964,	2358815,	11836886,	19269475,	673990442,
183212103,	83799991,	178941179,	297102970,	62887910,	14035735,	320426768,	674294790,
78466309,	251036664,	180641244,	298462461,	543599869,	14366432,	432326947,	674650794,
24470639,	734566480,	180883840,	298490313,	65215312,	14464686,	221105769,	674935244,
239135994,	212376309,	181945261,	299500179,	152125085,	14464686,	213037523,	675365613,
723973108,	377203091,	182959813,	299940581,	158295933,	15426377,	520766190,	675461160,
209817907,	269800169,	183830593,	300043001,	662525218,	15503391,	39410985,	675461160,
140441422,	444129619,	185162330,	300083749,	237714148,	16048429,	91865656,	677110207,
163714724,	426955246,	185935633,	300353083,	155312819,	17804052,	5052337,	678256372,
452608891,	195751611,	192170993,	300631448,	155068217,	17860559,	119091893,	678554493,
359462540,	244661063,	192760958,	301976499,	241152580,	18487757,	156287138,	682004061,
432557639,	203408303,	195485369,	302431602,	99576749,	18537488,	263818152,	682604727,
236167730,	234629020,	203353273,	302441007,	17685307,	19365747,	198662110,	685180211,
418077436,	324677383,	206746102,	303224858,	229708929,	19530594,	607917332,	686205515,
140152798,	532245195,	208878727,	303824503,	174721640,	19880438,	331500751,	688329958,
157925509,	264268329,	210593335,	304489927,	109551942,	20671860,	176566528,	688473344,
454562413,	167022085,	219694511,	304565950,	480471547,	20671860,	83865507,	692122400,
208121757,	189241737,	220789639,	305923693,	268365939,	20874793,	88464971,	692312482,
426178061,	7098275,	225795119,	305978061,	194477352,	22076180,	225833294,	692317286,
13720874,	469456078,	225966963,	306786885,	133450349,	22076180,	26399531,	694937123,
288575157,	476424175,	226900267,	307430807,	447042515,	22914059,	227960707,	695239104,
567791432,	476437131,	244938092,	308242386,	98623675,	22995409,	58238576,	696794709,
61237712,	476438021,	246172619,	308974280,	210733706,	23434857,	261848554,	697804208,
211743527,	476429908,	250046891,	310368203,	362367800,	23616476,	532789374,	697852009,
270122766,	476435080,	250067683,	310368203,	294941023,	23616476,	222492148,	697856350,
9861720,	476435574,	251026463,	310499405,	221854626,	23925285,	87541668,	697856350,
351233531,	176184192,	259475044,	311224924,	78922787,	24115843,	177258637,	697860364,
474415116,	274582016,	259776894,	311497597,	70595902,	24746393,	448630294,	697864150,
59711087,	126468711,	259934972,	311834811,	159920844,	25255785,	257623586,	697864150,
91570351,	257800600,	262428980,	312009707,	46708369,	26288820,	108022511,	698343585,
303022151,	410546220,	264877457,	312308980,	163216808,	26410402,	499057285,	698481600,
287387816,	186798521,	273345433,	312311660,	2162663,	26658901,	347338379,	700499196,
628983051,	514515011,	273345704,	312558129,	2387793,	26997790,	348115499,	700501800,
480444898,	152381864,	284657914,	312709911,	3644277,	27464899,	82443283,	700507614,
236163428,	71839665,	292395685,	312869109,	6559216,	27464899,	69435109,	700508362,
85057345,	223396550,	292837706,	313186386,	7860042,	27910574,	169836795,	700508362,
272427663,	146685678,	298218476,	313264988,	12928039,	27910574,	7571247,	700608926,
320845213,	228946850,	299771954,	313724332,	15077238,	28145114,	700105,	700615394,
85313895,	296104964,	304929872,	313778722,	19632545,	28481484,	281932847,	701067171,
259507860,	44278952,	306291493,	313927286,	24575116,	28749980,	28399696,	701575491,
493755318,	649158042,	306436016,	314421066,	25524935,	28785367,	239225203,	701625906,
193629573,	710572413,	307803025,	316090020,	31620258,	29931546,	378368068,	703038363,
723964603,	49880644,	314631684,	316498873,	31704562,	30428135,	56731373,	703484365,
211980884,	609343242,	329171408,	316928946,	32363614,	30747001,	326830811,	703503422,
425409205,	233391217,	332819055,	318458721,	33504812,	30999753,	158775189,	703715656,
678932661,	19365747,	341128969,	319070743,	33819059,	30999753,	235228680,	703757206,
586572851,	441482979,	345875751,	319072049,	38857818,	31150785,	262921187,	704213640,
418428044,	185297674,	359553298,	319953370,	47138062,	31930790,	568981617,	704873626,
199319188,	267892530,	362496400,	320099593,	47298263,	32182527,	579652998,	706516872,
391632918,	279642028,	381183837,	320637312,	50696408,	32451261,	309438001,	706895693,
384445068,	316958268,	383978456,	321364452,	51122918,	33072878,	512753239,	706989624,
477997249,	299648131,	388471937,	321381964,	52281314,	33072878,	142165168,	707345186,
354292881,	336092022,	397645049,	321492747,	58496239,	36866287,	142516844,	708416227,
379980987,	336175759,	397953529,	321947226,	61781956,	38212797,	469927032,	709406519,
723981347,	206155624,	399712329,	322227249,	63389093,	39492662,	76915586,	710886884,
495253643,	422282278,	401922169,	323185522,	64346968,	39696736,	371931610,	711023858,
222245027,	589284659,	407361029,	323625617,	64616346,	39891121,	54375082,	711800747,
15730337,	257072993 / 323697852,	409955274,	323625617,	300920535,	40207745,	127992646,	712604394,
161777881,	472158417,	413639173,	323683599,	72652200,	40228339,	648161756,	712687926,
451673933,	513761799,	422220287,	323729477,	73849769,	40253513,	609890692,	713534271,
349623611,	343348528/ 193167140,	427569471,	323769440,	74937266,	40253513,	228316999,	716388646,
186621858,	330420761,	434485661,	324335148,	77020154,	40522240,	143849724,	718751265,
451620554,	661617966,	447753624,	324735999,	78768801,	40635405,	130983204,	718941833,
451643145,	160243440,	447866150,	324858265,	80687643,	40635405,	355833501,	719106463,
592739189,	204423339,	450432996,	325024481,	80980724,	41007112,	36735803,	719917733,
451587084,	223607985,	451405081,	326267075,	82105256,	41357962,	25610927,	721430596,
456347109,	116155669,	454333952,	326284835,	82817360,	41725574,	233798528,	722806262,
308973138,	86716139,	454824305,	326508445,	86374834,	41931766,	91926800,	723724092,
344536953,	149459906,	457247589,	327422157,	87558304,	41970746,	52889861,	724467792,
454673207,	255200800,	470532895,	327475619,	90124092,	42820727,	151486428,	725504043,
223806270,	229779392,	485320594,	328008077,	90641725,	44707565,	388669971,	726664760,
454259710,	92601971,	515061615,	328208672,	91580100,	44959535,	74649815,	727835879,
459427112,	532245195,	523916436,	328265742,	91793369,	45187613,	476797439,	729767565,
263779040,	85263796,	525187594,	330420761,	91981553,	46719691,	97273498,	732932296,
478205615,	337352780,	535252227,	330915577,	93319693,	46730043,	642159262,	734462966,
313005856,	208339111,	539748321,	331233402,	95644191,	47042481,	344886852,	736269278,
448487402,	672128193,	544129924,	331689198,	96430523,	47042481,	120399849,	736683470,
451549035,	662658672,	545787487,	332843953,	96659371,	47125531,	232460182,	737190425,
513763872,	137804373, 307962331,	549606164,	333654908,	96723073,	47402005,	157753476,	739372264,
576310358,	212225278,	571403267,	334493162,	97533035,	47596705,	256541646,	739724504,
454671790,	188794877,	575738017,	335033909,	99651213,	47663947,	466030141,	742278785,
496443822,	160023433,	593214094,	335415721,	102660376,	48109923,	445828228,	742709520,
229070541,	381704064,	616274858,	335487750,	104449939,	49188641,	148042871,	743626151,
452922607,	474687261,	626080638,	335487750,	112925197,	49348160,	358531095,	745581892,
119151656,	577753856,	637948605,	336016742,	117680014,	49496541,	37588782,	746262421,
305310655,	219324699,	659831541,	336106016,	120411922,	49557327,	161509407,	746340167,
468061543,	76827785,	664726401,	336212216,	121996258,	49670670,	131304304,	746929994,
638334063,	298832663,	682179118,	337352780,	124985411,	50984467,	25410345,	747907020,
261199899,	606012418,	683622308,	337652086,	133167273,	51383039,	141503385,	749910883,
451626737,	249973026,	690589114,	337704949,	134221927,	52852886,	160763329,	751029158,
475482651,	130090710,	690776203,	338019340,	136844081,	52944984,	88605591,	752395590,
397454393,	246756278,	692761653,	339210288,	137547138,	53770288,	232430116,	753321815,
99079336,	564615359,	694922512,	339322568,	138444718,	54028281,	25834370,	754359284,
362678151,	211037446,	695636150,	339350513,	140112203,	54247600,	90508212,	757122170,
644207157,	69438105,	700189898,	340824624,	140680597,	54247600,	340181613,	758380830,
177001618,	245718870,	703566283,	341707622,	143620258,	54795867,	458703764,	758985690,
747312420,	230474128,	707945161,	342006037,	145973594,	54929783,	330228495,	761816825,
364278654,	85263796,	717270876,	342395741,	146372083,	55498871,	99683904,	762407621,
818228711,	242175264,	719473880,	343430715,	146676648,	56686066,	625084070,	765603349,
436897509,	219324699,	720022510,	344067098,	147368706,	56848761,	270750449,	767969991,
356128845,	97394470,	726174338,	344603425,	147712068,	56848761,	279767809,	768774749,
307797200,	339584170,	736410698,	346568172,	149436065,	57328618,	608983984,	786743979,
117034080,	53919165,	751999314,	347376876,	151024803,	58755803,	54154670,	794348902,
519255627,	336971382,	762411748,	347460075,	153056116,	59271991,	468802838,	797334614,
141966155,	81387353,	771680364,	348199462,	159327212,	59594717,	158647572,	800948924,
143827415,	304410345,	783027426,	348524539,	161886422,	60317532,	540002487,	809105755,
166041160,	234000251,	5765025,	348535049,	162689249,	61632308,	326779603,	809120310,
528293545,	986624341,	655192843,	954458289,	165345936,	61808386,	528856611,	813931577,
999770025,	648088288
)
   )
with data primary index (cust_id) on commit preserve rows;


-------------------------- TABLAS SOPORTE --------------------------

-- tabla soporte de tpv
create multiset volatile table tpv_90d, no log as 
  (
  select
    a.cust_id,
    sum(case when b.tpv_segment_id = 'ON' then pay_total_paid_dol_amt else 0 end) as tpv_on,
    sum(b.pay_total_paid_dol_amt) tpv,
    round(cast(tpv_on as float)/cast(tpv as float),2) ratio_tpv_on
  from sellers_entran_x_pedido_comercial a
  left join whowner.BT_SCO_ORIGIN_REPORT b
    on a.cust_id = b.cus_cust_id_sel
  where b.pay_created_dt >= current_date - 93
  group by 1
  )
with data primary index (cust_id) on commit preserve rows;


---------------------- VARIVEIS DE PERFORMANCE ----------------------

-- parcela me2 90d
create multiset volatile table parcela_me2, no log as
  (
  SELECT
    tab1.cust cust_id,
    round(cast(tab2.ofs_me2 as float)/cast(tab1.ofs_tot as float),2) parcela_me2
  FROM
    (
    select
      a.cust_id cust,
      count(b.ord_order_id) ofs_tot
    from sellers_entran_x_pedido_comercial a
    left join SCORING.fraud_main b
      on a.cust_id = b.cus_cust_id_sel
    where b.tim_day_winning_date >= current_date - 93
    group by 1
    ) tab1
  LEFT JOIN
    (
    select
      a.cust_id cust,
      count(b.ord_order_id) ofs_me2
    from sellers_entran_x_pedido_comercial a
    left join SCORING.fraud_main b
      on a.cust_id = b.cus_cust_id_sel
    where b.tim_day_winning_date >= current_date - 93
      and b.is_me2 = 1
    group by 1
    ) tab2
    ON tab1.cust = tab2.cust
  )
with data primary index (cust_id) on commit preserve rows;


-- ratios mensais 90d
create multiset volatile table calculo_ratios as 
  (
  select distinct
    a.site_id,
    a.cust_id,
    c.segmento,
    c.segmento_seller_detail,
    c.tipofoco,
    d.trusted,
    e.ratio_tpv_on,

    zeroifnull(sum(case when (b.tim_day_winning_date >= current_date - 33) and b.is_refund = 0 then gmv_usd else 0 end)) gmv_approved_1,
    zeroifnull(sum(case when (b.tim_day_winning_date >= current_date - 33) and b.has_claim_seller = 1 then gmv_usd else 0 end)) gmv_claim_1,
    zeroifnull(sum(case when (b.tim_day_winning_date >= current_date - 33) then b.bpp_cashout_final else 0 end)) cashout_1,
    zeroifnull(gmv_claim_1/nullifzero(gmv_approved_1)) ratio_gmv_claim_1,
    zeroifnull(cashout_1/nullifzero(gmv_claim_1)) ratio_co_1,
    (case when (ratio_gmv_claim_1 < 0.1 and ratio_co_1 < 0.05) then 1 else 0 end) good_m1,
    (case when (ratio_gmv_claim_1 > 0.2 and ratio_co_1 > 0.1) then 1 else 0 end) bad_m1,

    zeroifnull(sum(case when (b.tim_day_winning_date between current_date - 63 and current_date - 34) and b.is_refund = 0 then gmv_usd else 0 end)) gmv_approved_2,
    zeroifnull(sum(case when (b.tim_day_winning_date between current_date - 63 and current_date - 34) and b.has_claim_seller = 1 then gmv_usd else 0 end)) gmv_claim_2,
    zeroifnull(sum(case when (b.tim_day_winning_date between current_date - 63 and current_date - 34) then b.bpp_cashout_final else 0 end)) cashout_2,
    zeroifnull(gmv_claim_2/nullifzero(gmv_approved_2)) ratio_gmv_claim_2,
    zeroifnull(cashout_2/nullifzero(gmv_claim_2)) ratio_co_2,
    (case when (ratio_gmv_claim_2 < 0.1 and ratio_co_2 < 0.05) then 1 else 0 end) good_m2,
    (case when (ratio_gmv_claim_2 > 0.2 and ratio_co_2 > 0.1) then 1 else 0 end) bad_m2,

    zeroifnull(sum(case when (b.tim_day_winning_date between current_date - 93 and current_date - 64) and b.is_refund = 0 then gmv_usd else 0 end)) gmv_approved_3,
    zeroifnull(sum(case when (b.tim_day_winning_date between current_date - 93 and current_date - 64) and b.has_claim_seller = 1 then gmv_usd else 0 end)) gmv_claim_3,
    zeroifnull(sum(case when (b.tim_day_winning_date between current_date - 93 and current_date - 64) then b.bpp_cashout_final else 0 end)) cashout_3,
    zeroifnull(gmv_claim_3/nullifzero(gmv_approved_3)) ratio_gmv_claim_3,
    zeroifnull(cashout_3/nullifzero(gmv_claim_3)) ratio_co_3,
    (case when (ratio_gmv_claim_3 < 0.1 and ratio_co_3 < 0.05) then 1 else 0 end) good_m3,
    (case when (ratio_gmv_claim_3 > 0.2 and ratio_co_3 > 0.1) then 1 else 0 end) bad_m3

  from sellers_entran_x_pedido_comercial a
  left join scoring.fraud_main b
    on a.cust_id = b.cus_cust_id_sel
  left join WHOWNER.LK_SEGMENTO_SELLERS c
    on a.cust_id = c.cus_cust_id_sel
  left join SCORING.pf_trusted_sellers_log_reasons d
    on a.cust_id = d.cus_cust_id_sel
  left join tpv_90d e
    on a.cust_id = e.cust_id
  where b.tim_day_winning_date >= current_date - 93
    and d.fecha_hasta is null
  group by 1,2,3,4,5,6,7
  )
with data primary index (cust_id) on commit preserve rows;



-------------------------- EXECUO DA REGRA --------------------------

-- tabla de scoring para subir las infos
create table scoring.comercial_flow_protected_users
  (
  insert_date date,
  site_id varchar(50),
  cust_id int,
  segmento varchar(50),
  subsegmento varchar(50),
  tipofoco varchar(50),
  is_trusted int,
  ratio_tpv_on float,
  parcela_me2 float,
  gmv_approved_1 float,
  gmv_approved_2 float,
  gmv_approved_3 float,
  gmv_claim_1 float,
  gmv_claim_2 float,
  gmv_claim_3 float,
  cashout_1 float,
  cashout_2 float,
  cashout_3 float,
  ratio_gmv_claim_1 float,
  ratio_gmv_claim_2 float,
  ratio_gmv_claim_3 float,
  ratio_co_1 float,
  ratio_co_2 float,
  ratio_co_3 float,
  good_m1 int,
  good_m2 int,
  good_m3 int,
  bad_m1 int,
  bad_m2 int,
  bad_m3 int,
  riesgo varchar(50),
  perfil varchar(50),
  accion varchar(50),
  motivo varchar(50),
  regla varchar(50)
  );
  

-- add na tabela sellers para aadir la marca post filtro
insert into scoring.comercial_flow_protected_users
  select distinct
    current_date,
    a.site_id,
    a.cust_id,
    b.segmento,
    b.segmento_seller_detail,
    b.tipofoco,
    b.trusted,
    b.ratio_tpv_on,
    round(zeroifnull(c.parcela_me2),2) parcela_me2,
    b.gmv_approved_1,
    b.gmv_approved_2,
    b.gmv_approved_3,
    b.gmv_claim_1,
    b.gmv_claim_2,
    b.gmv_claim_3,
    b.cashout_1,
    b.cashout_2,
    b.cashout_3,
    b.ratio_gmv_claim_1,
    b.ratio_gmv_claim_2,
    b.ratio_gmv_claim_3,
    b.ratio_co_1,
    b.ratio_co_2,
    b.ratio_co_3,
    b.good_m1,
    b.good_m2,
    b.good_m3,
    b.bad_m1,
    b.bad_m2,
    b.bad_m3,
    (case when a.cust_id > 0 then 'N' else 'S' end) riesgo,
    (case when a.cust_id > 0 then 'confiable' else 'no confiable' end) perfil,
    (case when a.cust_id > 0 then 'aadir la marca' else 'no aadir la marca' end) accion,
    (case when a.cust_id > 0 then 'pedido comercial' else 'xxx' end) motivo,
    (case when a.cust_id > 0 then 'aadir discrecional por pedido comercial' else 'xxx' end) regla
  from sellers_entran_x_pedido_comercial a
  left join calculo_ratios b
    on a.cust_id = b.cust_id
  left join parcela_me2 c
    on a.cust_id = c.cust_id;


--------------------------- SELEO DE DADOS ---------------------------

-- DDL dos dados
select * from scoring.comercial_flow_protected_users;

delete from scoring.comercial_flow_protected_users where insert_date = current_date and perfil = 'limpieza';

UPDATE scoring.comercial_flow_protected_users
  SET insert_date = '2021-10-27'
  WHERE data_fchmto_caso = '2021-11-04';



